trip_id,route_id,service_id,shape_id
0,17445532,Mo-Su,17445532
1,17445672,Mo-Su,17445672
2,17511052,Mo-Su,17511052
3,17511191,Mo-Fr,17511191
4,17511191,Sa-Su,17511191
5,17515510,Mo-Su,17515510
6,17518939,Mo-Su,17518939
7,17581799,Mo-Sa,17581799
8,17581799,Su,17581799
9,17607753,Mo-Su,17607753
10,17608042,Mo-Su,17608042
11,17608051,Mo-Su,17608051
12,17608055,Mo-Su,17608055
13,17608110,Mo-Su,17608110
14,17619994,Mo-Sa,17619994
15,17619994,Su,17619994
16,17620010,Mo-Su,17620010
17,17626535,Mo-Sa,17626535
18,17633924,Mo-Sa,17633924
19,17633924,Su,17633924
20,17633927,Mo-Sa,17633927
21,17633932,Mo-Sa,17633932
22,17633932,Su,17633932
23,17633933,Mo-Sa,17633933
24,17633933,Su,17633933
25,17633936,Mo-Sa,17633936
26,17633938,Mo-Su,17633938
27,17634339,Mo-Su,17634339
28,17634360,Mo-Su,17634360
29,17636285,Mo-Su,17636285
30,17636304,Mo-Su,17636304
31,17636305,Mo-Su,17636305
32,17636328,Mo-Su,17636328
33,17636366,Mo-Sa,17636366
34,17636366,Su,17636366
35,17636375,Mo-Sa,17636375
36,17636375,Su,17636375
37,17636635,Mo-Su,17636635
38,17642932,Mo-Sa,17642932
39,17642932,Su,17642932
40,17643025,Mo-Sa,17643025
41,17643025,Su,17643025
42,17643070,Mo-Sa,17643070
43,17644902,Mo-Sa,17644902
44,17644902,Su,17644902
45,17644912,Mo-Sa,17644912
46,17644912,Su,17644912
47,17644947,Mo-Su,17644947
48,17653490,Mo-Su,17653490
49,17653560,Mo-Su,17653560
50,17653636,Mo-Su,17653636
51,17654231,Mo-Sa,17654231
52,17654231,Su,17654231
53,17654414,Mo-Su,17654414
54,17658187,Mo-Sa,17658187
55,17658187,Su,17658187
56,17658190,Mo-Su,17658190
57,17658204,Mo-Su,17658204
58,17658205,Mo-Su,17658205
59,17658212,Mo-Su,17658212
60,17658213,Mo-Su,17658213
61,17658215,Mo-Fr,17658215
62,17658215,Sa-Su,17658215
63,17658252,Mo-Su,17658252
64,17658522,Mo-Su,17658522
65,17658549,Mo-Su,17658549
66,17658550,Mo-Su,17658550
67,17658558,Mo-Su,17658558
68,17658664,Mo-Su,17658664
69,17658669,Mo-Sa,17658669
70,17659504,Mo-Su,17659504
71,17659544,Mo-Su,17659544
72,17664509,Mo-Su,17664509
73,17664511,Mo-Su,17664511
74,17664629,Mo-Su,17664629
75,17664645,Mo-Su,17664645
76,17664646,Mo-Su,17664646
77,17664647,Mo-Su,17664647
78,17664648,Mo-Su,17664648
79,17664649,Mo-Su,17664649
80,17664775,Mo-Su,17664775
81,17664776,Mo-Su,17664776
82,17664787,Mo-Sa,17664787
83,17664787,Mo,17664787
84,17664788,Mo-Sa,17664788
85,17664788,Mo,17664788
86,17664789,Mo-Su,17664789
87,17664790,Mo-Su,17664790
88,17664791,Mo-Su,17664791
89,17664792,Mo-Su,17664792
90,17664793,Mo-Sa,17664793
91,17664793,Su,17664793
92,17664794,Mo-Sa,17664794
93,17664794,Su,17664794
94,17664795,Mo-Sa,17664795
95,17664795,Su,17664795
96,17664821,Mo-Sa,17664821
97,17664821,Su,17664821
98,17664822,Mo-Su,17664822
99,17664823,Mo-Su,17664823
100,17664824,Mo-Su,17664824
101,17664825,Mo-Su,17664825
102,17664826,Mo-Su,17664826
103,17664827,Mo-Su,17664827
104,17664828,Mo-Su,17664828
105,17664829,Mo-Su,17664829
106,17664830,Mo-Su,17664830
107,17664831,Mo-Su,17664831
108,17664971,Mo-Su,17664971
109,17664972,Mo-Su,17664972
110,17664973,Mo-Su,17664973
111,17664974,Mo-Su,17664974
112,17664975,Mo-Su,17664975
113,17664977,Mo-Su,17664977
114,17664978,Mo-Su,17664978
115,17664981,Mo-Su,17664981
116,17664982,Mo-Su,17664982
117,17664983,Mo-Su,17664983
118,17664984,Mo-Su,17664984
119,17664985,Mo-Su,17664985
120,17664986,Mo-Su,17664986
121,17664987,Mo-Su,17664987
122,17664988,Mo-Su,17664988
123,17677829,Mo-Su,17677829
124,17677911,Mo-Sa,17677911
125,17677911,Su,17677911
126,17678105,Mo-Su,17678105
127,17679511,Mo-Sa,17679511
128,17681083,Mo-Fr,17681083
129,17681083,Sa-Su,17681083
130,17683264,Mo-Su,17683264
131,17683265,Mo-Sa,17683265
132,17683265,Su,17683265
133,17683266,Mo-Sa,17683266
134,17683267,Mo-Su,17683267
135,17683268,Mo-Su,17683268
136,17683270,Mo-Su,17683270
137,17683271,Mo-Su,17683271
138,17683273,Mo-Su,17683273
139,17683274,Mo-Fr,17683274
140,17683274,Sa-Su,17683274
141,17684885,Mo-Su,17684885
142,17684886,Mo-Su,17684886
143,17684887,Mo-Su,17684887
144,17684888,Mo-Su,17684888
145,17684890,Mo-Su,17684890
146,17684891,Mo-Sa,17684891
147,17684893,Mo-Su,17684893
148,17684894,Mo-Su,17684894
149,17684907,Mo-Sa,17684907
150,17686763,Mo-Su,17686763
151,17687840,Mo-Su,17687840
152,17687934,Mo-Sa,17687934
153,17687934,Su,17687934
154,17687963,Mo-Su,17687963
155,17687966,Mo-Su,17687966
156,17687967,Mo-Su,17687967
157,17687970,Mo-Su,17687970
158,17688012,Mo-Sa,17688012
159,17688012,Su,17688012
160,17688013,Mo-Sa,17688013
161,17688013,Su,17688013
162,17688014,Mo-Sa,17688014
163,17688015,Mo-Sa,17688015
164,17688015,Su,17688015
165,17688016,Mo-Sa,17688016
166,17688016,Su,17688016
167,17688017,Mo-Sa,17688017
168,17688018,Mo-Sa,17688018
169,17688018,Su,17688018
170,17688019,Mo-Su,17688019
171,17688020,Mo-Su,17688020
172,17688021,Mo-Su,17688021
173,17688022,Mo-Su,17688022
174,17688023,Mo-Su,17688023
175,17688024,Mo-Su,17688024
176,17688025,Mo-Su,17688025
177,17688026,Mo-Su,17688026
178,17688027,Mo-Su,17688027
179,17688028,Mo-Sa,17688028
180,17688029,Mo-Sa,17688029
181,17688030,Mo-Sa,17688030
182,17688030,Su,17688030
183,17688031,Mo-Sa,17688031
184,17688031,Su,17688031
185,17688038,Mo-Sa,17688038
186,17688038,Su,17688038
187,17688039,Mo-Sa,17688039
188,17688039,Su,17688039
189,17688040,Mo-Su,17688040
190,17688041,Mo-Sa,17688041
191,17688044,Mo-Sa,17688044
192,17688044,Su,17688044
193,17688045,Mo-Sa,17688045
194,17688045,Su,17688045
195,17688046,Mo-Su,17688046
196,17688047,Mo-Sa,17688047
197,17688047,Su,17688047
198,17688048,Mo-Fr,17688048
199,17688048,Sa-Su,17688048
200,17688049,Mo-Su,17688049
201,17688050,Mo-Su,17688050
202,17688051,Mo-Su,17688051
203,17688052,Mo-Su,17688052
204,17688053,Mo-Su,17688053
205,17688054,Mo-Sa,17688054
206,17688054,Su,17688054
207,17688055,Mo-Su,17688055
208,17688056,Mo-Sa,17688056
209,17688056,Su,17688056
210,17688057,Mo-Sa,17688057
211,17688058,Mo-Su,17688058
212,17688059,Mo-Su,17688059
213,17688060,Mo-Su,17688060
214,17688061,Mo-Su,17688061
215,17688062,Mo-Su,17688062
216,17688063,Mo-Su,17688063
217,17688064,Mo-Fr,17688064
218,17688064,Sa-Su,17688064
219,17688065,Mo-Sa,17688065
220,17688065,Su,17688065
221,17688066,Mo-Fr,17688066
222,17688066,Sa-Su,17688066
223,17688180,Mo-Sa,17688180
224,17688180,Su,17688180
225,17688206,Mo-Su,17688206
226,17688207,Mo-Sa,17688207
227,17688207,Su,17688207
228,17688208,Mo-Sa,17688208
229,17688209,Mo-Sa,17688209
230,17688209,Su,17688209
231,17688210,Mo-Fr,17688210
232,17688210,Sa-Su,17688210
233,17688229,Mo-Su,17688229
234,17775694,Mo-Su,17775694
